Vary AOM, 1 BTM
##########################################################

1 AOM/1 BTM
499.75
502.26
511.77
515.2
521.1
528.26
528.54
529.94
535.62
546.75
521.919

2 AOM/1 BTM
468.6
470.15
471.92
480.08
481.0
481.23
495.79
504.8
506.07
509.16
486.88

3 AOM/1 BTM
472.59
485.91
494.56
497.02
497.51
497.51
501.25
501.5
503.52
504.8
495.617

4 AOM/1 BTM
476.19
488.04
489.96
494.07
494.56
495.54
501.0
515.2
527.98
533.62
501.616

5 AOM/1 BTM
415.28
417.01
433.65
442.28
442.48
446.03
446.03
453.72
464.25
469.48
443.021

6 AOM/1 BTM
408.16
411.35
417.54
420.17
422.48
439.56
440.14
448.43
453.93
469.92
433.168

7 AOM/1 BTM
365.5
396.83
403.39
406.01
415.45
422.12
446.23
446.23
455.37
455.79
421.292


8 AOM/1 BTM
383.88
393.24
397.77
400.16
411.86
412.03
417.36
431.22
435.54
446.23
412.929

16 AOM/1 BTM
383.0
383.73
384.76
388.8
389.71
390.02
390.32
396.98
398.09
404.37
390.978

Vary BTM, 1 AOM
##########################################################

1 AOM/2 BTM
481.46
503.27
505.31
509.94
518.67
520.29
521.38
527.98
528.54
528.82
514.566

1 AOM/ 3 BTM
491.4
499.5
499.75
500.25
500.5
503.78
514.14
515.46
519.48
523.83
506.809


1 AOM/4 BTM
448.83
500.5
501.0
502.26
506.07
510.46
520.29
522.74
524.11
524.38
506.064

1 AOM/5 BTM
442.48
472.14
480.08
480.31
484.97
488.28
496.03
502.77
514.4
527.7
488.916

1 AOM/6 BTM
440.92
485.2
488.04
498.01
503.27
505.56
516.26
519.75
521.1
521.92
500.003

1 AOM/7 BTM
450.45
489.96
504.54
514.93
514.93
515.73
518.67
521.1
522.74
530.22
508.327


1 AOM/8 BTM
456.41
471.92
483.33
487.09
493.58
494.07
498.26
508.13
513.08
518.4
492.427

1 AOM/16 BTM
442.87
449.64
460.19
463.82
467.95
478.24
481.0
484.73
489.48
501.25
471.917

Vary Both
##########################################################

2 AOM/2 BTM
445.63
475.74
482.63
488.76
493.34
500.75
502.26
503.27
504.03
524.38
492.079

3 AOM/3 BTM
450.65
460.19
465.55
467.73
477.55
478.01
485.2
489.24
492.61
499.0
476.573

4 AOM/4 BTM
434.03
468.6
469.48
469.92
478.24
478.7
480.08
486.14
495.54
497.02
475.775

5 AOM/5 BTM
402.58
421.23
424.63
426.62
426.62
432.9
433.09
438.21
443.07
457.04
430.599

6 AOM/6 BTM
389.71
400.64
411.86
423.01
431.03
440.33
447.23
451.47
453.51
461.04
430.983

7 AOM/7 BTM
383.58
396.83
404.37
412.71
412.71
414.94
417.19
442.87
444.44
446.43
417.607


8 AOM/8 BTM
386.4
396.04
406.5
407.33
407.83
413.22
418.06
420.34
425.53
426.62
410.787

16 AOM/16 BTM
356.63
365.63
365.63
369.55
373.55
376.36
379.94
384.47
389.71
390.63
375.21

Useful Configs
##########################################################

2 AOM/4 BTM (benchmark config)
464.68
483.79
489.48
492.13
495.29
498.5
499.5
501.0
506.33
510.73
494.143

2 AOM/8 BTM
455.79
456.62
467.51
469.04
475.06
476.42
476.87
482.86
492.85
498.01
475.103

3 AOM/6 BTM
403.88
467.51
473.04
475.51
478.01
480.08
480.77
493.83
499.5
505.31
475.744


4 AOM/8 BTM 
446.83
452.28
455.17
458.93
465.55
467.95
476.64
484.03
489.24
507.87
470.449


